layout_spectrum: 0.6714529
typography_spectrum: 0.3309886
color:
  saturation: 0.337224
  lightness: 0.9519053
  brandStrength: 0.8995566
  rhythmicContrast: 0.06451759
